30
4
1.276
310232231031023223103102322310
310232231031023223103102322310
310232231031023223103102322310
310232231031023223103102322310
310232231031023223103102322310
310232231031023223103102322310
310232231031023223103102322310
310232231031023223103102322310
310232231031023223103102322310
310232231031023223103102322310
310232231031023223103102322310
310232231031023223103102322310
310232231031023223103102322310
310232231031023223103102322310
310232231031023223103102322310
310232231031023223103102322310
310232231031023223103102322310
310232231031023223103102322310
310232231031023223103102322310
310232231031023223103102322310
310232231031023223103102322310
310232231031023223103102322310
310232231031023223103102322310
310232231031023223103102322310
310232231031023223103102322310
310232231031023223103102322310
310232231031023223103102322310
310232231031023223103102322310
310232231031023223103102322310
310232231031023223103102322310
0121232013
3021111113
0221031132
0230011012
0323321010
2003022012
2202200021
0130000020
2200022231

3
10
7.24
444
090
000

2
3
123.6
01
21

