DFS
5
5
22222
20000
20000
20000
20000
SA
8
11
00200000
02220000
00000000
00000020
00000022
22200020
22200000
22200000
BFS
7
8
0002000
0002000
0002000
2222222
0002000
0002000
0002000

5
4
22020
22202
02220
20222
02022

5
4
22020
22202
02220
20222
02022

8
9
00000000
00000000
00000000
00000000
00000000
00000000
00000000
00000000
00
00
10
11
0000000000
0000000000
0000200000
0000000000
0000020000
0000000000
0000000000
0000000000
0000000000
0000000000
15
15
000000000000000
000000000000000
000000000000000
000000000000000
000000000000000
000000000000000
000000000000000
000000000000000
000000000000000
000000000000000
000000000000000
000000000000000
000000000000000
000000000000000
000000000000000

15
16
000000000000000
000000000000000
000000000000000
000000000000000
000000000000000
000000002000000
000000000000000
000000000000000
000000020000000
000000000000000
000000000000000
000000000000000
000000000000000
000000000000000
000000000000000

0000000000
0000000000
0000200000
0000000000
0000020000
0000000000
0000000000
0000000000
0000000000

4
4
2022
0202
2222
0020

10
10
0000000000
0000000000
0000000000
0000000000
0000000000
0000000000
0000000000
0000000000
0000000000
0000000000


7
6
0002000
0002000
0002000
2222222
0002000
0002000
0002000

10
10
0000000000
0000000000
0000000000
0000000000
0000000000
0000000000
0000000000
0000000000
0000000000
0000000000


11
20
00000200000
00000200000
00000200000
00000200000
00000200000
22222222222
00000200000
00000200000
00000200000
00000200000
00000200000

9
16
202222022
020220202
222222222
002020020
222222222
202222022
020220202
222222222
002020020


11
20
00000200000
00000200000
00000200000
00000200000
00000200000
22222222222
00000200000
00000200000
00000200000
00000200000
00000200000












2
2
00
00









